Tolerance (>20dB): -250 to +50 Hz

Offset (Hz)     Separation (dB)
-----------------------------------
-500            7.14                
-450            11.34               
-400            14.25               
-350            17.24               
-300            19.99               
-250            22.24               
-200            24.70               
-150            25.84               
-100            25.05               
-50             23.79               
0               22.33               
50              20.70               
100             18.94               
150             17.14               
200             15.03               
250             12.16               
300             9.81                
350             7.42                
400             5.03                
450             2.64                
500             0.35                
